 37 | 48 | 59 | 70 | 81 |  2 | 13 | 24 | 35
----+----+----+----+----+----+----+----+----
 36 | 38 | 49 | 60 | 71 | 73 |  3 | 14 | 25
----+----+----+----+----+----+----+----+----
 26 | 28 | 39 | 50 | 61 | 72 | 74 |  4 | 15
----+----+----+----+----+----+----+----+----
 16 | 27 | 29 | 40 | 51 | 62 | 64 | 75 |  5
----+----+----+----+----+----+----+----+----
  6 | 17 | 19 | 30 | 41 | 52 | 63 | 65 | 76
----+----+----+----+----+----+----+----+----
 77 |  7 | 18 | 20 | 31 | 42 | 53 | 55 | 66
----+----+----+----+----+----+----+----+----
 67 | 78 |  8 | 10 | 21 | 32 | 43 | 54 | 56
----+----+----+----+----+----+----+----+----
 57 | 68 | 79 |  9 | 11 | 22 | 33 | 44 | 46
----+----+----+----+----+----+----+----+----
 47 | 58 | 69 | 80 |  1 | 12 | 23 | 34 | 45
Sum matrix= 3321
Even numbers : 48 70 2 24 36 38 60 14 26 28 50 72 74 4 16 40 62 64 6 30 52 76 18 20 42 66 78 8 10 32 54 56 68 22 44 46 58 80 12 34 
Odd numbers : 37 59 81 13 35 49 71 73 3 25 39 61 15 27 29 51 75 5 17 19 41 63 65 77 7 31 53 55 67 21 43 57 79 9 11 33 47 69 1 23 45 
